380
143 8
144 1
145 6
146 8
147 3
148 6
149 8
150 6
151 0
152 8
153 8
154 4
155 2
156 2
157 7
158 2
159 6
160 3
161 1
162 5
163 5
164 7
165 4
166 2
167 8
168 5
169 2
170 3
171 0
172 7
173 7
174 3
175 4
176 3
177 4
178 5
179 2
180 7
181 7
182 2
183 3
184 1
185 8
186 8
187 1
188 7
189 8
190 8
191 7
192 6
193 5
194 1
195 1
196 7
197 0
198 3
199 7
200 3
201 3
202 8
203 5
204 3
205 7
206 5
207 6
208 1
209 2
210 6
211 2
212 8
213 0
214 5
215 3
216 4
217 7
218 4
219 8
220 8
221 1
222 3
223 8
224 0
225 7
226 0
227 1
228 0
229 0
230 0
231 0
232 0
