380
143 4
144 1
145 0
146 2
147 3
148 7
149 1
150 4
151 6
152 2
153 7
154 5
155 5
156 0
157 2
158 7
159 2
160 4
161 6
162 4
163 0
164 6
165 0
166 2
167 0
168 3
169 8
170 6
171 0
172 5
173 3
174 6
175 3
176 7
177 7
178 7
179 4
180 2
181 6
182 8
183 2
184 2
185 8
186 4
187 1
188 3
189 2
190 6
191 3
192 7
193 6
194 3
195 8
196 0
197 5
198 8
199 5
200 7
201 1
202 0
203 1
204 2
205 0
206 5
207 5
208 8
209 10
210 7
211 4
212 8
213 6
214 8
215 1
216 8
217 10
218 4
219 1
220 5
221 4
222 3
223 7
224 4
225 0
226 0
227 4
228 8
229 3
230 8
231 6
232 4
