380
143 0
144 6
145 1
146 2
147 5
148 0
149 3
150 3
151 2
152 6
153 4
154 7
155 10
156 8
157 7
158 4
159 8
160 3
161 1
162 1
163 4
164 1
165 1
166 2
167 0
168 1
169 8
170 4
171 2
172 4
173 2
174 7
175 7
176 1
177 6
178 5
179 7
180 2
181 6
182 4
183 0
184 7
185 0
186 8
187 5
188 4
189 2
190 6
191 8
192 2
193 6
194 6
195 6
196 2
197 5
198 0
199 1
200 8
201 7
202 6
203 2
204 3
205 5
206 5
207 0
208 3
209 8
210 2
211 5
212 7
213 3
214 7
215 0
216 2
217 2
218 8
219 0
220 6
221 2
222 7
223 2
224 3
225 6
226 8
227 8
228 8
229 6
230 5
231 7
232 6
