380
143 2
144 4
145 0
146 9
147 10
148 6
149 0
150 8
151 1
152 4
153 2
154 5
155 4
156 2
157 3
158 8
159 1
160 5
161 10
162 2
163 5
164 4
165 3
166 8
167 1
168 0
169 8
170 9
171 2
172 5
173 0
174 0
175 2
176 7
177 3
178 1
179 1
180 6
181 5
182 4
183 1
184 1
185 4
186 8
187 3
188 0
189 0
190 6
191 0
192 1
193 3
194 6
195 5
196 3
197 4
198 10
199 5
200 9
201 2
202 10
203 1
204 0
205 0
206 5
207 2
208 3
209 8
210 7
211 6
212 8
213 4
214 4
215 8
216 10
217 0
218 5
219 7
220 5
221 8
222 4
223 2
224 0
225 6
226 9
227 10
228 7
229 2
230 2
231 5
232 1
