380
143 3
144 6
145 3
146 5
147 5
148 0
149 2
150 7
151 2
152 5
153 8
154 5
155 8
156 0
157 8
158 8
159 5
160 3
161 2
162 7
163 5
164 7
165 3
166 6
167 4
168 3
169 5
170 8
171 5
172 8
173 6
174 6
175 4
176 0
177 0
178 7
179 5
180 8
181 7
182 0
183 3
184 5
185 4
186 2
187 6
188 2
189 1
190 1
191 1
192 0
193 6
194 4
195 1
196 6
197 8
198 7
199 5
200 4
201 8
202 1
203 5
204 0
205 2
206 6
207 0
208 6
209 8
210 4
211 0
212 2
213 0
214 3
215 6
216 0
217 0
218 5
219 8
220 8
221 5
222 4
223 6
224 5
225 3
226 8
227 4
228 7
229 0
230 3
231 6
232 2
