380
143 5
144 0
145 6
146 7
147 3
148 4
149 7
150 1
151 0
152 7
153 2
154 6
155 6
156 5
157 0
158 1
159 5
160 4
161 2
162 7
163 2
164 6
165 0
166 6
167 1
168 3
169 7
170 3
171 5
172 4
173 5
174 8
175 6
176 4
177 1
178 8
179 5
180 6
181 6
182 1
183 7
184 0
185 5
186 0
187 4
188 3
189 8
190 4
191 5
192 3
193 2
194 2
195 6
196 5
197 3
198 8
199 5
200 7
201 8
202 1
203 8
204 3
205 7
206 4
207 2
208 7
209 8
210 2
211 4
212 1
213 1
214 4
215 2
216 6
217 6
218 3
219 7
220 7
221 7
222 6
223 3
224 4
225 0
226 1
227 6
228 8
229 3
230 7
231 2
232 0
