380
143 3
144 0
145 7
146 3
147 2
148 3
149 4
150 3
151 10
152 2
153 7
154 5
155 4
156 6
157 3
158 10
159 3
160 3
161 6
162 0
163 9
164 8
165 3
166 8
167 10
168 3
169 8
170 6
171 8
172 1
173 3
174 3
175 1
176 7
177 1
178 4
179 1
180 4
181 8
182 10
183 2
184 1
185 5
186 3
187 1
188 2
189 4
190 2
191 5
192 7
193 2
194 10
195 6
196 3
197 8
198 4
199 7
200 2
201 1
202 3
203 2
204 4
205 8
206 0
207 3
208 2
209 0
210 2
211 10
212 3
213 6
214 8
215 2
216 4
217 7
218 8
219 8
220 7
221 1
222 1
223 2
224 0
225 3
226 4
227 1
228 1
229 5
230 6
231 1
232 3
