380
143 10
144 2
145 0
146 3
147 2
148 8
149 2
150 5
151 1
152 6
153 5
154 8
155 7
156 1
157 0
158 0
159 2
160 7
161 2
162 8
163 1
164 4
165 2
166 6
167 3
168 4
169 1
170 6
171 0
172 4
173 2
174 4
175 2
176 6
177 0
178 2
179 1
180 7
181 4
182 8
183 8
184 2
185 0
186 3
187 6
188 8
189 0
190 6
191 1
192 7
193 3
194 8
195 2
196 8
197 6
198 1
199 8
200 2
201 1
202 5
203 8
204 9
205 6
206 6
207 5
208 2
209 0
210 6
211 3
212 6
213 6
214 5
215 3
216 8
217 7
218 7
219 3
220 5
221 3
222 5
223 8
224 4
225 2
226 7
227 7
228 2
229 8
230 7
231 0
232 1
