380
143 6
144 8
145 4
146 6
147 6
148 3
149 5
150 5
151 0
152 8
153 1
154 6
155 5
156 8
157 8
158 3
159 0
160 8
161 4
162 8
163 1
164 2
165 8
166 1
167 6
168 8
169 8
170 8
171 8
172 2
173 6
174 4
175 1
176 5
177 0
178 8
179 6
180 2
181 3
182 6
183 8
184 1
185 7
186 0
187 8
188 2
189 6
190 0
191 8
192 8
193 4
194 6
195 0
196 5
197 4
198 8
199 0
200 8
201 1
202 8
203 6
204 1
205 6
206 0
207 4
208 1
209 5
210 1
211 1
212 2
213 4
214 3
215 1
216 2
217 6
218 5
219 1
220 2
221 2
222 2
223 3
224 8
225 6
226 2
227 1
228 8
229 3
230 7
231 0
232 0
