380
143 3
144 2
145 6
146 4
147 3
148 5
149 0
150 1
151 0
152 4
153 0
154 8
155 6
156 0
157 6
158 3
159 0
160 6
161 3
162 4
163 0
164 8
165 7
166 4
167 3
168 4
169 8
170 1
171 0
172 4
173 4
174 6
175 6
176 4
177 2
178 0
179 10
180 3
181 1
182 7
183 6
184 0
185 5
186 6
187 5
188 7
189 1
190 8
191 8
192 5
193 4
194 4
195 7
196 5
197 3
198 7
199 4
200 3
201 5
202 8
203 0
204 7
205 6
206 5
207 0
208 7
209 6
210 5
211 4
212 7
213 6
214 7
215 4
216 1
217 3
218 1
219 7
220 5
221 3
222 7
223 3
224 2
225 7
226 0
227 4
228 8
229 3
230 6
231 6
232 3
