234 460
90
143 144 145 146 147 148 149 150 151 152 153 154 155 156 157 158 159 160 161 162 163 164 165 166 167 168 169 170 171 172 173 174 175 176 177 178 179 180 181 182 183 184 185 186 187 188 189 190 191 192 193 194 195 196 197 198 199 200 201 202 203 204 205 206 207 208 209 210 211 212 213 214 215 216 217 218 219 220 221 222 223 224 225 226 227 228 229 230 231 232
233
0 (198 22)
1 (0 14) (155 2) (193 4)
2 (155 19) (222 7) (232 18)
3 (4 18) (222 7) (226 3)
4 (3 18) (5 6) (15 6)
5 (4 21) (16 7) (214 3)
6 (17 16) (196 2) (214 10)
7 (18 2) (148 11) (196 1)
8 (9 9) (148 8) (229 3)
9 (8 3) (20 25) (184 8)
10 (184 5)
11 (12 4) (22 10)
12 (11 4) (13 16) (23 15) (193 3)
13 (12 16) (14 9) (24 11) (232 7)
14 (13 9) (25 21) (172 3) (226 1)
15 (26 14) (172 4) (228 6)
16 (5 7) (27 23) (212 5) (228 12)
17 (18 11) (28 6) (212 11)
18 (179 16) (223 6)
19 (20 11) (30 17) (179 8) (229 9)
20 (19 11) (216 21) (230 1)
21 (216 3)
22 (23 7) (33 12)
23 (34 18) (150 15)
24 (25 18) (35 18)
25 (14 18) (24 10) (26 15) (36 13)
26 (15 14) (25 15) (27 5) (37 9)
27 (26 5) (28 2) (38 2)
28 (17 6) (27 2) (29 19) (39 17)
29 (28 19) (40 18) (143 1) (223 6)
30 (41 22) (143 7) (168 7)
31 (152 14) (168 17) (230 12) (231 2)
32 (152 5)
33 (22 12) (34 24) (44 19)
34 (33 24) (35 18) (45 13)
35 (34 18) (36 16) (46 5)
36 (25 13) (35 16) (37 18) (199 8)
37 (26 9) (36 18) (38 20) (48 7)
38 (37 20) (39 16) (169 13)
39 (28 3) (38 16) (50 23) (147 12)
40 (147 3) (173 3) (188 4)
41 (42 16) (52 12) (173 8)
42 (41 16) (43 15) (53 18) (231 1)
43 (42 17)
44 (195 7) (209 1)
45 (34 13) (56 9) (149 1) (195 6)
46 (57 3) (149 3) (202 1)
47 (48 3) (58 14) (199 2) (202 10)
48 (59 8) (167 7)
49 (145 5) (167 4) (169 3) (211 1)
50 (51 10) (61 25) (145 8)
51 (164 1) (185 8)
52 (41 17) (53 14) (63 22) (164 6)
53 (52 14) (64 24) (183 4)
54 (183 14)
55 (66 10) (227 4)
56 (57 20) (174 4) (227 6)
57 (190 4) (192 14)
58 (47 19) (69 12) (153 9) (190 10)
59 (70 22) (153 7) (197 5)
60 (71 20) (197 5) (211 14) (213 13)
61 (50 25) (62 14) (166 10) (213 7)
62 (61 14) (63 3) (73 17) (185 1)
63 (52 22) (62 3) (64 2) (186 2)
64 (63 14) (75 13) (154 19)
65 (154 1)
66 (146 2)
67 (68 16) (171 12) (174 2) (220 9)
68 (67 16) (69 2) (79 16) (192 4)
69 (58 12) (68 2) (80 6) (175 12)
70 (71 12) (81 5) (175 10)
71 (60 20) (70 12) (72 19) (82 12)
72 (71 19) (73 6) (83 9) (166 4)
73 (62 17) (72 6) (219 12) (225 16)
74 (85 3) (186 2) (225 2) (233 9)
75 (76 13) (187 3) (233 15)
76 (75 18)
77 (88 2) (146 4) (204 9)
78 (89 11) (171 6) (204 5) (217 6)
79 (80 3) (90 2) (217 5)
80 (69 4) (79 3) (81 2) (91 25)
81 (70 5) (80 2) (157 5) (189 1)
82 (93 10) (144 18) (189 5)
83 (84 6) (94 14) (144 3)
84 (83 6) (85 7) (95 11) (219 10)
85 (84 7) (86 5) (96 2)
86 (85 5) (87 3) (163 11) (187 9)
87 (86 15)
88 (99 22) (160 6)
89 (100 16) (224 3)
90 (79 5) (91 8) (101 14) (224 11)
91 (90 18) (102 25) (162 3)
92 (93 4) (157 1) (162 6) (201 1)
93 (92 4) (94 20) (104 12)
94 (83 14) (93 20) (105 23) (165 17)
95 (96 7) (106 12) (165 5)
96 (95 7) (107 6) (177 12)
97 (163 4) (177 9) (182 2) (203 20)
98 (182 17)
99 (88 22) (100 2) (110 23)
100 (89 16) (99 2) (101 2) (156 22)
101 (90 14) (100 2) (102 11) (151 12)
102 (101 11) (103 17) (113 15)
103 (102 17) (200 11) (201 24) (206 3)
104 (105 8) (115 15) (200 12)
105 (104 8) (116 14) (207 1)
106 (107 9) (178 3) (207 3)
107 (96 8) (106 9) (108 25) (118 6)
108 (107 25) (109 25) (119 11) (203 5)
109 (108 13)
110 (161 4)
111 (110 5) (112 7) (122 20) (156 3)
112 (111 7) (123 6) (151 2) (215 14)
113 (114 22) (124 11) (215 7)
114 (113 22) (181 1) (194 5) (206 2)
115 (116 8) (126 23) (181 13)
116 (105 14) (115 8) (117 20) (159 2)
117 (116 20) (118 16) (128 15) (178 18)
118 (117 16) (119 4) (129 16)
119 (118 7) (170 1) (191 3)
120 (170 4)
121 (122 9) (158 1)
122 (111 6) (121 21) (133 17) (208 1)
123 (124 23) (134 22) (208 11)
124 (135 15) (218 1)
125 (126 17) (136 17) (194 4) (218 1)
126 (125 17) (180 6) (205 2)
127 (138 24) (159 10) (180 1) (221 19)
128 (129 4) (176 12) (221 2)
129 (118 17) (128 4) (130 13) (140 21)
130 (129 13) (131 18) (191 2) (210 2)
131 (130 8)
132 (158 4)
133 (122 17)
134 (123 22)
135 (124 18)
136 (125 8)
137 (205 3)
138 (127 24)
139 (176 1)
140 (129 4)
141 (210 4)
143 (29 1) (30 7)
144 (82 18) (83 3)
145 (49 5) (50 8)
146 (66 2) (77 4)
147 (39 12) (40 3)
148 (7 11) (8 8)
149 (45 1) (46 3)
150 (24 3)
151 (101 12) (112 2)
152 (31 14) (32 5)
153 (58 9) (59 7)
154 (64 19) (65 1)
155 (1 2) (2 19)
156 (100 22) (111 3)
157 (81 5) (92 1)
158 (121 1) (132 4)
159 (116 2) (127 10)
160 (89 6)
161 (121 6)
162 (91 3) (92 6)
163 (86 11) (97 4)
164 (51 1) (52 6)
165 (94 17) (95 5)
166 (61 10) (72 4)
167 (48 7) (49 4)
168 (30 7) (31 17)
169 (38 13) (49 3)
170 (119 1) (120 4)
171 (67 12) (78 6)
172 (14 3) (15 4)
173 (40 3) (41 8)
174 (56 4) (67 2)
175 (69 12) (70 10)
176 (128 12) (139 1)
177 (96 12) (97 9)
178 (106 3) (117 18)
179 (18 16) (19 8)
180 (126 6) (127 1)
181 (114 1) (115 13)
182 (97 2) (98 17)
183 (53 4) (54 14)
184 (9 8) (10 5)
185 (51 8) (62 1)
186 (63 2) (74 2)
187 (75 3) (86 9)
188 (51 4)
189 (81 1) (82 5)
190 (57 4) (58 10)
191 (119 3) (130 2)
192 (57 14) (68 4)
193 (1 4) (12 3)
194 (114 5) (125 4)
195 (44 7) (45 6)
196 (6 2) (7 1)
197 (59 5) (60 5)
198 (11 3)
199 (36 8) (47 2)
200 (103 11) (104 12)
201 (92 1) (103 24)
202 (46 1) (47 10)
203 (97 20) (108 5)
204 (77 9) (78 5)
205 (126 2) (137 3)
206 (103 3) (114 2)
207 (105 1) (106 3)
208 (122 1) (123 11)
209 (55 12)
210 (130 2) (141 4)
211 (49 1) (60 14)
212 (16 5) (17 11)
213 (60 13) (61 7)
214 (5 3) (6 10)
215 (112 14) (113 7)
216 (20 21) (21 3)
217 (78 6) (79 5)
218 (124 1) (125 1)
219 (73 12) (84 10)
220 (66 1)
221 (127 19) (128 2)
222 (2 7) (3 7)
223 (18 6) (29 6)
224 (89 3) (90 11)
225 (73 16) (74 2)
226 (3 3) (14 1)
227 (55 4) (56 6)
228 (15 6) (16 12)
229 (8 3) (19 9)
230 (20 1) (31 12)
231 (31 2) (42 1)
232 (2 18) (13 7)
233 (74 9) (75 15)