234 460
90
143 144 145 146 147 148 149 150 151 152 153 154 155 156 157 158 159 160 161 162 163 164 165 166 167 168 169 170 171 172 173 174 175 176 177 178 179 180 181 182 183 184 185 186 187 188 189 190 191 192 193 194 195 196 197 198 199 200 201 202 203 204 205 206 207 208 209 210 211 212 213 214 215 216 217 218 219 220 221 222 223 224 225 226 227 228 229 230 231 232
233
0 (151 3) (170 7)
1 (12 17) (151 1) (199 6)
2 (183 7) (199 6) (222 13)
3 (4 25) (14 18) (222 7)
4 (3 16) (15 17) (189 11)
5 (16 4) (189 6) (225 14)
6 (17 11) (225 1) (226 22)
7 (8 17) (18 15) (226 1)
8 (7 17) (9 13) (19 9)
9 (8 17) (210 2) (212 6)
10 (212 4)
11 (170 4) (190 1) (224 9)
12 (13 4) (23 13) (190 23)
13 (12 4) (14 10) (183 8) (197 2)
14 (13 10) (15 12) (25 2)
15 (4 17) (14 12) (16 15) (233 9)
16 (15 15) (17 17) (27 14)
17 (16 17) (18 12) (28 15)
18 (29 4) (215 5)
19 (8 9) (20 16) (215 16) (220 1)
20 (19 16) (31 6) (174 7) (210 20)
21 (174 2)
22 (33 20) (192 22) (224 3)
23 (34 12) (192 1) (208 3)
24 (25 21) (35 3) (197 23) (208 11)
25 (26 8) (36 6)
26 (25 8) (27 4) (232 1) (233 2)
27 (26 4) (28 17) (150 11)
28 (29 20) (39 10)
29 (18 4) (28 20) (30 19) (40 21)
30 (29 19) (31 8) (41 12) (220 6)
31 (20 6) (30 8) (32 18) (42 17)
32 (31 16)
33 (213 1)
34 (23 12) (33 18) (35 7) (45 10)
35 (34 12) (36 5) (171 2)
36 (35 5) (37 20) (47 23)
37 (36 20) (48 15) (158 4) (232 3)
38 (49 16) (150 1) (158 12) (193 3)
39 (28 10) (40 7) (50 2) (193 12)
40 (29 21) (39 7) (146 8) (223 20)
41 (42 11) (52 11) (223 1)
42 (41 11) (53 13) (168 12)
43 (168 1)
44 (45 14) (55 25) (213 12)
45 (44 14) (56 15) (203 5)
46 (47 21) (57 16) (171 1) (203 1)
47 (46 21) (48 4) (58 17)
48 (47 4) (166 10) (167 4)
49 (50 21) (60 8) (167 2)
50 (39 21) (49 21) (51 17) (61 9)
51 (50 17) (52 18) (62 10) (146 3)
52 (41 11) (51 18) (63 15) (230 6)
53 (64 2) (152 2) (230 5)
54 (152 2)
55 (66 3) (176 18)
56 (57 20) (67 17) (176 3)
57 (147 2) (206 1)
58 (69 8) (205 12)
59 (70 8) (166 3) (205 2) (217 5)
60 (49 8) (61 10) (71 3) (217 1)
61 (153 16) (178 10)
62 (51 10) (63 2) (73 19) (153 1)
63 (52 15) (62 2) (64 9) (74 7)
64 (63 9) (65 6) (75 9)
65 (64 6)
66 (218 2)
67 (78 20) (194 13) (214 3)
68 (69 19) (79 25) (206 4) (214 2)
69 (68 19) (70 22) (80 12)
70 (148 18)
71 (60 3) (70 6) (72 12) (82 21)
72 (71 12) (73 15) (178 14) (204 12)
73 (62 19) (72 15) (74 20) (84 11)
74 (73 20) (75 16) (143 8)
75 (74 9) (86 12) (198 1)
76 (198 11)
77 (88 16) (155 7)
78 (67 23) (79 19) (155 1) (162 15)
79 (78 21) (90 17) (207 1)
80 (91 5) (156 8) (207 2)
81 (156 14) (185 3) (221 1)
82 (93 10) (185 18) (228 4)
83 (94 4) (159 5) (204 4) (228 16)
84 (159 3) (163 3) (188 3)
85 (143 4) (163 1) (201 4) (219 15)
86 (75 12) (97 6) (201 5) (216 4)
87 (216 1)
88 (191 7) (231 3)
89 (100 7) (162 8) (191 3) (211 7)
90 (101 7) (144 3) (211 2)
91 (92 24) (102 16) (144 21)
92 (91 24) (93 2) (160 9) (221 1)
93 (92 2) (104 21) (149 2)
94 (105 5) (149 11) (227 16)
95 (96 8) (106 15) (188 22) (227 2)
96 (95 8) (107 20) (169 4) (219 10)
97 (98 10) (108 18) (169 7)
98 (97 10)
99 (110 13) (177 1)
100 (101 11) (111 8) (177 5)
101 (90 7) (100 11) (102 14) (112 6)
102 (91 16) (101 14) (103 21) (113 8)
103 (102 21) (160 6) (175 1) (202 6)
104 (115 22) (154 9) (175 24)
105 (154 14) (161 2) (165 18)
106 (95 15) (107 12) (117 7) (161 4)
107 (96 20) (106 12) (108 23) (145 1)
108 (107 23) (119 19) (164 6)
109 (164 12)
110 (173 13) (229 3)
111 (100 8) (112 25) (173 6) (182 6)
112 (101 6) (111 25) (123 8) (179 1)
113 (114 3) (179 2) (200 3)
114 (113 3) (180 3) (195 2) (202 9)
115 (180 3) (186 3) (196 19)
116 (117 7) (127 24) (165 7) (186 3)
117 (106 7) (116 7) (118 20) (128 16)
118 (117 20) (119 24) (129 25) (145 18)
119 (108 19) (118 24) (157 10) (184 1)
120 (157 4)
121 (122 16) (132 18) (229 1)
122 (121 16) (123 23) (133 23) (182 6)
123 (112 8) (122 23) (124 17) (134 11)
124 (123 17) (125 13) (135 20) (200 4)
125 (124 13) (126 5) (136 24) (195 15)
126 (137 25) (181 5)
127 (116 14) (128 22) (138 9) (181 6)
128 (127 22) (129 18) (172 3)
129 (118 25) (128 18) (140 5) (187 8)
130 (141 23) (184 4) (187 3) (209 2)
131 (209 22)
132 (121 18)
133 (122 23)
134 (123 11)
135 (124 20)
136 (125 24)
137 (126 25)
138 (127 11)
139 (172 7)
140 (129 13)
141 (130 18)
143 (74 8) (85 4)
144 (90 3) (91 21)
145 (107 1) (118 18)
146 (40 8) (51 3)
147 (58 9)
148 (81 1)
149 (93 2) (94 11)
150 (27 11) (38 1)
151 (0 3) (1 1)
152 (53 2) (54 2)
153 (61 16) (62 1)
154 (104 9) (105 14)
155 (77 7) (78 1)
156 (80 8) (81 14)
157 (119 10) (120 4)
158 (37 4) (38 12)
159 (83 5) (84 3)
160 (92 9) (103 6)
161 (105 2) (106 4)
162 (78 15) (89 8)
163 (84 3) (85 1)
164 (108 6) (109 12)
165 (105 18) (116 7)
166 (48 10) (59 3)
167 (48 4) (49 2)
168 (42 12) (43 1)
169 (96 4) (97 7)
170 (0 7) (11 4)
171 (35 2) (46 1)
172 (128 3) (139 7)
173 (110 13) (111 6)
174 (20 7) (21 2)
175 (103 1) (104 24)
176 (55 18) (56 3)
177 (99 1) (100 5)
178 (61 10) (72 14)
179 (112 1) (113 2)
180 (114 3) (115 3)
181 (126 5) (127 6)
182 (111 6) (122 6)
183 (2 7) (13 8)
184 (119 1) (130 4)
185 (81 3) (82 18)
186 (115 3) (116 3)
187 (129 8) (130 3)
188 (84 3) (95 22)
189 (4 11) (5 6)
190 (11 1) (12 23)
191 (88 7) (89 3)
192 (22 22) (23 1)
193 (38 3) (39 12)
194 (66 10)
195 (114 2) (125 15)
196 (126 3)
197 (13 2) (24 23)
198 (75 1) (76 11)
199 (1 6) (2 6)
200 (113 3) (124 4)
201 (85 4) (86 5)
202 (103 6) (114 9)
203 (45 5) (46 1)
204 (72 12) (83 4)
205 (58 12) (59 2)
206 (57 1) (68 4)
207 (79 1) (80 2)
208 (23 3) (24 11)
209 (130 2) (131 22)
210 (9 2) (20 20)
211 (89 7) (90 2)
212 (9 6) (10 4)
213 (33 1) (44 12)
214 (67 3) (68 2)
215 (18 5) (19 16)
216 (86 4) (87 1)
217 (59 5) (60 1)
218 (77 3)
219 (85 15) (96 10)
220 (19 1) (30 6)
221 (81 1) (92 1)
222 (2 13) (3 7)
223 (40 20) (41 1)
224 (11 9) (22 3)
225 (5 14) (6 1)
226 (6 22) (7 1)
227 (94 16) (95 2)
228 (82 4) (83 16)
229 (110 3) (121 1)
230 (52 6) (53 5)
231 (99 6)
232 (26 1) (37 3)
233 (15 9) (26 2)