234 460
90
143 144 145 146 147 148 149 150 151 152 153 154 155 156 157 158 159 160 161 162 163 164 165 166 167 168 169 170 171 172 173 174 175 176 177 178 179 180 181 182 183 184 185 186 187 188 189 190 191 192 193 194 195 196 197 198 199 200 201 202 203 204 205 206 207 208 209 210 211 212 213 214 215 216 217 218 219 220 221 222 223 224 225 226 227 228 229 230 231 232
233
0 (145 7) (182 5)
1 (2 7) (12 6) (145 6)
2 (1 9) (3 5) (13 10)
3 (2 24) (4 20) (14 11)
4 (3 20) (15 2) (202 13)
5 (16 2) (202 1) (210 2)
6 (17 11) (210 1) (219 4)
7 (18 22) (189 6) (219 3)
8 (19 21) (189 6) (229 3)
9 (20 5) (165 18) (229 3)
10 (165 6)
11 (182 5) (208 7) (230 10)
12 (13 4) (23 2)
13 (12 4) (14 21) (24 17)
14 (13 21) (15 18) (25 6)
15 (14 18) (16 8) (26 6)
16 (5 2) (15 8) (17 10) (184 1)
17 (6 11) (16 10) (18 6) (28 22)
18 (17 6) (29 25) (195 8)
19 (30 5) (195 15) (205 4)
20 (31 17) (205 15) (220 4)
21 (220 1)
22 (23 3) (33 16)
23 (22 3) (24 16) (34 18)
24 (13 17) (23 16) (25 22) (35 16)
25 (36 11)
26 (15 6) (25 22) (27 3) (37 17)
27 (26 3) (28 20) (38 2) (184 3)
28 (27 20) (29 23) (39 11)
29 (18 25) (28 23) (40 17) (161 6)
30 (161 10) (178 6) (183 12)
31 (32 3) (42 13) (183 2)
32 (31 3)
33 (22 16) (34 7) (44 9)
34 (33 7) (35 8) (45 2)
35 (24 16) (34 8) (185 9) (199 9)
36 (37 10) (185 4) (217 15)
37 (26 17) (36 10) (48 10) (186 4)
38 (159 6) (186 5) (203 14)
39 (28 8) (50 3) (179 3) (203 1)
40 (51 24) (179 1) (228 10)
41 (156 16) (178 4) (211 3) (228 8)
42 (190 1) (198 13) (211 5)
43 (190 18)
44 (45 7) (55 5)
45 (34 2) (44 7) (46 21) (56 3)
46 (45 21) (47 5) (199 11) (212 4)
47 (46 5) (48 19) (58 7) (217 5)
48 (37 10) (47 19) (59 5) (168 2)
49 (159 3) (163 6) (168 3) (174 2)
50 (163 3) (214 6) (218 9)
51 (62 15) (221 2)
52 (53 17) (63 11) (156 5) (221 3)
53 (52 17) (64 24) (144 1) (198 12)
54 (144 21)
55 (66 5) (191 20)
56 (57 8) (67 24) (191 5)
57 (56 8) (58 19) (68 8) (212 6)
58 (57 19) (59 3) (69 20)
59 (70 9) (172 1)
60 (61 24) (225 8)
61 (60 24) (62 14) (196 3) (218 16)
62 (51 15) (61 14) (63 18) (73 3)
63 (62 18) (74 3) (175 12)
64 (75 5) (175 12) (206 1)
65 (206 22)
66 (157 1) (194 2)
67 (157 1) (173 4) (215 12)
68 (155 4) (166 1)
69 (143 2) (151 13) (155 2)
70 (71 13) (81 14) (151 7)
71 (70 13) (72 3) (82 15) (225 2)
72 (71 3) (83 6) (181 3) (196 7)
73 (150 5) (181 7) (226 14)
74 (85 12) (150 5) (224 10)
75 (64 5) (148 1) (224 11) (231 13)
76 (148 1)
77 (194 10) (204 6) (233 8)
78 (79 25) (89 16) (204 4) (215 2)
79 (78 25) (90 17) (166 1) (216 2)
80 (81 10) (91 7) (143 10) (216 3)
81 (80 10) (82 21) (92 24)
82 (71 4) (81 21) (83 13) (93 2)
83 (82 9) (84 19) (94 16)
84 (83 19) (95 22) (147 21) (226 1)
85 (86 13) (96 14) (147 4)
86 (85 13) (87 13) (97 13) (231 1)
87 (86 4)
88 (89 10) (160 14) (233 7)
89 (88 10) (90 12) (100 18)
90 (79 17) (89 12) (177 1) (209 3)
91 (92 7) (102 6) (209 9)
92 (91 7) (93 13) (103 21)
93 (94 9) (104 11)
94 (83 2) (93 9) (95 24) (105 3)
95 (84 22) (94 24) (96 25) (106 15)
96 (85 14) (95 25) (152 3) (188 5)
97 (149 13) (188 7) (192 7)
98 (149 10)
99 (160 1) (169 1) (207 3)
100 (111 24) (169 2) (201 1)
101 (102 22) (112 11) (177 2) (201 1)
102 (91 6) (101 22) (103 10) (227 1)
103 (102 10) (176 4) (213 5)
104 (115 24) (171 4) (213 6)
105 (171 2) (200 1) (223 3)
106 (107 6) (117 4) (200 2)
107 (106 6) (108 9) (152 3) (222 10)
108 (107 9) (146 11) (192 3) (193 9)
109 (146 8)
110 (121 2)
111 (100 24) (110 18) (158 2) (167 8)
112 (113 15) (123 24) (167 6)
113 (112 15) (114 21) (187 4) (227 3)
114 (113 21) (115 2) (125 21) (176 2)
115 (114 2) (116 8) (126 5)
116 (115 8) (117 18) (127 2) (223 21)
117 (106 4) (116 18) (118 20) (197 6)
118 (117 20) (119 23) (129 21) (222 11)
119 (118 23) (120 5) (130 16) (193 2)
120 (119 5)
121 (110 2) (122 14) (132 25)
122 (121 14) (123 19) (133 12) (158 4)
123 (122 15) (124 17) (153 5)
124 (123 17) (154 2) (162 4) (187 2)
125 (126 16) (136 14) (154 11)
126 (115 7) (125 16) (127 18) (137 19)
127 (116 2) (126 18) (128 22) (180 3)
128 (127 22) (129 17) (170 2) (197 19)
129 (128 17) (140 12) (164 2)
130 (141 16) (164 6) (232 2)
131 (232 2)
132 (121 19)
133 (122 12)
134 (153 3)
135 (162 14)
136 (125 14)
137 (126 9)
138 (180 18)
139 (170 5)
140 (129 11)
141 (130 4)
143 (69 2) (80 10)
144 (53 1) (54 21)
145 (0 7) (1 6)
146 (108 11) (109 8)
147 (84 21) (85 4)
148 (75 1) (76 1)
149 (97 13) (98 10)
150 (73 5) (74 5)
151 (69 13) (70 7)
152 (96 3) (107 3)
153 (123 5) (134 3)
154 (124 2) (125 11)
155 (68 4) (69 2)
156 (41 16) (52 5)
157 (66 1) (67 1)
158 (111 2) (122 4)
159 (38 6) (49 3)
160 (88 14) (99 1)
161 (29 6) (30 10)
162 (124 4) (135 14)
163 (49 6) (50 3)
164 (129 2) (130 6)
165 (9 18) (10 6)
166 (68 1) (79 1)
167 (111 8) (112 6)
168 (48 2) (49 3)
169 (99 1) (100 2)
170 (128 2) (139 5)
171 (104 4) (105 2)
172 (60 10)
173 (68 11)
174 (60 2)
175 (63 12) (64 12)
176 (103 4) (114 2)
177 (90 1) (101 2)
178 (30 6) (41 4)
179 (39 3) (40 1)
180 (127 3) (138 18)
181 (72 3) (73 7)
182 (0 5) (11 5)
183 (30 12) (31 2)
184 (16 1) (27 3)
185 (35 9) (36 4)
186 (37 4) (38 5)
187 (113 4) (124 2)
188 (96 5) (97 7)
189 (7 6) (8 6)
190 (42 1) (43 18)
191 (55 20) (56 5)
192 (97 7) (108 3)
193 (108 9) (119 2)
194 (66 2) (77 10)
195 (18 8) (19 15)
196 (61 3) (72 7)
197 (117 6) (128 19)
198 (42 13) (53 12)
199 (35 9) (46 11)
200 (105 1) (106 2)
201 (100 1) (101 1)
202 (4 13) (5 1)
203 (38 14) (39 1)
204 (77 6) (78 4)
205 (19 4) (20 15)
206 (64 1) (65 22)
207 (110 21)
208 (12 3)
209 (90 3) (91 9)
210 (5 2) (6 1)
211 (41 3) (42 5)
212 (46 4) (57 6)
213 (103 5) (104 6)
214 (51 11)
215 (67 12) (78 2)
216 (79 2) (80 3)
217 (36 15) (47 5)
218 (50 9) (61 16)
219 (6 4) (7 3)
220 (20 4) (21 1)
221 (51 2) (52 3)
222 (107 10) (118 11)
223 (105 3) (116 21)
224 (74 10) (75 11)
225 (60 8) (71 2)
226 (73 14) (84 1)
227 (102 1) (113 3)
228 (40 10) (41 8)
229 (8 3) (9 3)
230 (22 2)
231 (75 13) (86 1)
232 (130 2) (131 2)
233 (77 8) (88 7)