234 460
90
143 144 145 146 147 148 149 150 151 152 153 154 155 156 157 158 159 160 161 162 163 164 165 166 167 168 169 170 171 172 173 174 175 176 177 178 179 180 181 182 183 184 185 186 187 188 189 190 191 192 193 194 195 196 197 198 199 200 201 202 203 204 205 206 207 208 209 210 211 212 213 214 215 216 217 218 219 220 221 222 223 224 225 226 227 228 229 230 231 232
233
0 (11 17) (176 5)
1 (12 4) (148 4) (176 2)
2 (3 15) (148 5) (216 11)
3 (2 5) (4 6) (14 15)
4 (3 15) (188 17) (213 7)
5 (165 1) (188 1) (224 8)
6 (156 1) (187 12) (224 10)
7 (8 6) (18 2) (187 9)
8 (7 6) (19 5) (163 9)
9 (10 17) (163 1) (195 4)
10 (9 4)
11 (22 8)
12 (1 4) (11 14) (13 22) (23 12)
13 (12 22) (14 24) (24 15) (216 1)
14 (190 5) (201 18)
15 (16 4) (26 2) (190 14) (213 14)
16 (15 4) (27 16) (165 15) (169 8)
17 (18 7) (28 18) (156 1) (169 9)
18 (7 2) (17 7) (19 22) (29 9)
19 (8 5) (18 22) (20 5) (30 4)
20 (19 5) (167 3) (186 2) (195 3)
21 (186 9)
22 (33 16) (193 1)
23 (24 20) (34 21) (193 14)
24 (35 18) (210 7)
25 (26 24) (36 4)
26 (15 18) (25 24) (27 16) (37 24)
27 (16 16) (26 16) (28 20) (38 21)
28 (17 18) (27 20) (29 6) (200 14)
29 (159 1) (192 13)
30 (41 4) (159 5) (161 3)
31 (155 18) (161 3) (167 12) (168 6)
32 (155 5)
33 (34 14) (44 5)
34 (33 14) (35 19) (45 8)
35 (183 9)
36 (35 25) (37 14) (47 24)
37 (36 14) (38 4) (48 7)
38 (37 4) (39 20) (49 10)
39 (38 20) (50 23) (178 3) (200 10)
40 (41 5) (51 18) (178 3)
41 (30 4) (40 5) (42 22) (52 20)
42 (41 17) (212 15) (231 17)
43 (231 7)
44 (55 21) (197 14)
45 (34 8) (56 15) (197 4) (232 22)
46 (47 12) (182 12) (183 11) (232 2)
47 (204 9) (221 7)
48 (49 9) (59 23) (221 18)
49 (38 10) (48 9) (50 7) (206 15)
50 (49 13) (51 2) (61 15)
51 (207 4) (227 12)
52 (41 20) (63 25) (207 20) (222 9)
53 (64 21) (154 3) (212 8) (222 4)
54 (154 5)
55 (44 21) (66 12) (151 19)
56 (57 4) (67 22) (151 5)
57 (56 4) (68 15) (182 8) (229 8)
58 (59 24) (69 2) (204 11) (229 10)
59 (217 5) (223 1)
60 (61 21) (205 3) (206 1) (223 1)
61 (72 19) (147 20)
62 (63 11) (73 19) (147 2)
63 (146 12) (177 2)
64 (53 6) (65 4) (75 20) (146 2)
65 (64 4)
66 (55 12) (67 4) (77 23)
67 (66 4) (68 20) (78 21)
68 (57 15) (67 20) (69 18) (79 18)
69 (68 18) (70 7) (80 21)
70 (69 7) (81 15) (214 13) (217 10)
71 (72 25) (82 15) (205 1) (214 5)
72 (61 19) (71 25) (73 3) (83 19)
73 (72 3) (74 12) (209 6)
74 (73 12) (75 20) (85 15) (177 1)
75 (64 20) (74 20) (86 13) (166 14)
76 (166 4)
77 (175 8)
78 (79 25) (89 4) (219 6)
79 (78 15) (90 8) (170 10)
80 (91 4) (164 3) (170 2)
81 (82 3) (92 16) (164 1)
82 (71 21) (81 3) (83 12) (93 16)
83 (72 19) (82 12) (174 5) (228 3)
84 (85 14) (95 12) (209 4) (228 2)
85 (74 15) (84 14) (96 6) (211 20)
86 (150 15) (157 5) (211 5)
87 (157 10)
88 (143 1) (172 22)
89 (90 11) (100 20) (143 1)
90 (79 8) (89 11) (153 1) (199 12)
91 (92 7) (102 7) (153 3)
92 (81 16) (91 7) (93 24) (184 12)
93 (92 24) (94 19) (104 5)
94 (93 19) (174 16) (191 1) (218 1)
95 (96 13) (185 2) (191 13)
96 (95 13) (144 21) (215 7)
97 (108 7) (150 10) (215 1) (226 8)
98 (226 14)
99 (100 22) (110 21) (172 1)
100 (89 20) (99 22) (101 23) (111 5)
101 (100 23) (102 14) (149 12) (199 3)
102 (91 7) (101 14) (103 10) (113 15)
103 (102 10) (114 9) (179 4) (184 1)
104 (105 19) (179 6) (196 9)
105 (104 19) (173 9) (218 7) (220 4)
106 (145 4) (181 13) (185 2) (220 3)
107 (118 12) (144 1) (181 7) (189 10)
108 (180 15) (189 1) (208 5)
109 (180 3)
110 (203 1)
111 (158 13) (233 7)
112 (123 9) (149 3) (158 6) (198 11)
113 (102 15) (114 22) (124 14) (198 12)
114 (113 22) (115 22) (125 11)
115 (114 22) (196 3) (202 1) (225 1)
116 (117 5) (127 19) (173 1) (225 3)
117 (116 5) (128 16) (145 4) (230 1)
118 (119 8) (129 15) (230 9)
119 (118 8) (120 20) (130 20) (208 1)
120 (119 3)
121 (122 12) (132 25) (203 1)
122 (121 12) (123 11) (133 14) (233 2)
123 (112 9) (122 11) (134 18) (194 8)
124 (125 2) (135 7) (194 4)
125 (114 11) (124 2) (126 4) (152 6)
126 (125 4) (127 16) (137 17) (202 4)
127 (126 16) (128 16) (138 14)
128 (117 16) (127 16) (129 5) (171 16)
129 (118 15) (128 5) (130 11) (140 15)
130 (119 20) (129 11) (160 11) (162 8)
131 (162 2)
132 (121 4)
133 (122 10)
134 (123 18)
135 (124 7)
136 (152 5)
137 (126 17)
138 (127 14)
139 (171 6)
140 (129 3)
141 (160 5)
143 (88 1) (89 1)
144 (96 21) (107 1)
145 (106 4) (117 4)
146 (63 12) (64 2)
147 (61 20) (62 2)
148 (1 4) (2 5)
149 (101 12) (112 3)
150 (86 15) (97 10)
151 (55 19) (56 5)
152 (125 6) (136 5)
153 (90 1) (91 3)
154 (53 3) (54 5)
155 (31 18) (32 5)
156 (6 1) (17 1)
157 (86 5) (87 10)
158 (111 13) (112 6)
159 (29 1) (30 5)
160 (130 11) (141 5)
161 (30 3) (31 3)
162 (130 8) (131 2)
163 (8 9) (9 1)
164 (80 3) (81 1)
165 (5 1) (16 15)
166 (75 14) (76 4)
167 (20 3) (31 12)
168 (42 11)
169 (16 8) (17 9)
170 (79 10) (80 2)
171 (128 16) (139 6)
172 (88 22) (99 1)
173 (105 9) (116 1)
174 (83 5) (94 16)
175 (88 1)
176 (0 5) (1 2)
177 (63 2) (74 1)
178 (39 3) (40 3)
179 (103 4) (104 6)
180 (108 15) (109 3)
181 (106 13) (107 7)
182 (46 12) (57 8)
183 (35 9) (46 11)
184 (92 12) (103 1)
185 (95 2) (106 2)
186 (20 2) (21 9)
187 (6 12) (7 9)
188 (4 17) (5 1)
189 (107 10) (108 1)
190 (14 5) (15 14)
191 (94 1) (95 13)
192 (40 9)
193 (22 1) (23 14)
194 (123 8) (124 4)
195 (9 4) (20 3)
196 (104 9) (115 3)
197 (44 14) (45 4)
198 (112 11) (113 12)
199 (90 12) (101 3)
200 (28 14) (39 10)
201 (25 7)
202 (115 1) (126 4)
203 (110 1) (121 1)
204 (47 9) (58 11)
205 (60 3) (71 1)
206 (49 15) (60 1)
207 (51 4) (52 20)
208 (108 5) (119 1)
209 (73 6) (84 4)
210 (25 4)
211 (85 20) (86 5)
212 (42 15) (53 8)
213 (4 7) (15 14)
214 (70 13) (71 5)
215 (96 7) (97 1)
216 (2 11) (13 1)
217 (59 5) (70 10)
218 (94 1) (105 7)
219 (77 9)
220 (105 4) (106 3)
221 (47 7) (48 18)
222 (52 9) (53 4)
223 (59 1) (60 1)
224 (5 8) (6 10)
225 (115 1) (116 3)
226 (97 8) (98 14)
227 (62 1)
228 (83 3) (84 2)
229 (57 8) (58 10)
230 (117 1) (118 9)
231 (42 17) (43 7)
232 (45 22) (46 2)
233 (111 7) (122 2)