234 460
90
143 144 145 146 147 148 149 150 151 152 153 154 155 156 157 158 159 160 161 162 163 164 165 166 167 168 169 170 171 172 173 174 175 176 177 178 179 180 181 182 183 184 185 186 187 188 189 190 191 192 193 194 195 196 197 198 199 200 201 202 203 204 205 206 207 208 209 210 211 212 213 214 215 216 217 218 219 220 221 222 223 224 225 226 227 228 229 230 231 232
233
0 (11 13) (226 2)
1 (12 2) (165 4) (226 1)
2 (161 11) (165 7) (189 5)
3 (161 8) (196 2) (219 1)
4 (15 22) (185 10) (196 19)
5 (16 5) (172 9) (185 13)
6 (17 13) (158 4) (172 4)
7 (18 18) (158 11) (195 5)
8 (149 3) (152 1) (195 7)
9 (10 18) (20 11) (149 2)
10 (9 14)
11 (174 7)
12 (1 2) (11 11) (153 4) (204 4)
13 (151 15) (153 1) (229 1)
14 (15 8) (25 13) (151 10)
15 (14 8) (16 25) (26 22)
16 (27 25) (182 1)
17 (6 13) (18 20) (28 13) (182 1)
18 (17 20) (19 13) (29 6)
19 (18 13) (152 1) (163 13) (181 1)
20 (31 15) (145 10) (163 7)
21 (145 7)
22 (23 13) (33 16) (174 4)
23 (22 13) (24 25) (34 22) (204 21)
24 (23 25) (25 12) (35 10)
25 (24 12) (26 24) (36 22)
26 (15 22) (25 24) (27 6) (37 4)
27 (26 6) (164 5) (202 3)
28 (29 24) (39 16) (202 3)
29 (30 13) (40 8)
30 (29 13) (41 16) (180 5) (181 9)
31 (32 19) (42 9) (180 10)
32 (31 20)
33 (197 20) (203 16)
34 (35 25) (45 2) (203 7)
35 (24 10) (34 25) (36 9) (46 9)
36 (25 22) (35 9) (37 14) (47 7)
37 (26 4) (36 14) (38 21) (48 25)
38 (37 21) (39 25) (162 8) (164 9)
39 (28 16) (38 25) (50 22) (177 5)
40 (41 7) (51 17) (177 1)
41 (30 7) (40 7) (154 8) (171 11)
42 (53 3) (171 3) (206 4)
43 (206 3)
44 (45 5) (179 2) (197 3)
45 (34 2) (44 5) (46 14) (56 24)
46 (45 14) (47 15) (57 8)
47 (36 7) (46 15) (48 8) (58 15)
48 (47 8) (59 14) (213 7)
49 (60 7) (162 17) (213 14) (216 18)
50 (51 23) (61 23) (216 4)
51 (62 9) (231 10)
52 (63 14) (154 13) (220 1) (231 7)
53 (54 20) (64 8) (220 1)
54 (53 19)
55 (179 13) (190 1) (225 1)
56 (45 24) (57 16) (67 21) (190 23)
57 (46 8) (56 16) (68 16) (170 10)
58 (59 13) (69 5) (170 10)
59 (48 14) (58 13) (60 4) (70 11)
60 (61 12) (188 1)
61 (50 23) (60 12) (72 11) (186 5)
62 (63 13) (73 7) (186 12)
63 (62 13) (74 9) (201 2)
64 (160 3) (201 5) (214 23)
65 (160 6)
66 (67 22) (77 21)
67 (56 21) (66 22) (78 23) (230 3)
68 (69 25) (169 11) (230 3)
69 (58 5) (68 25) (70 19) (80 11)
70 (81 10) (199 1)
71 (72 4) (188 20) (199 7) (233 1)
72 (71 14) (73 21) (192 8)
73 (62 7) (72 21) (74 22) (84 12)
74 (63 9) (73 22) (148 14) (208 7)
75 (148 10) (157 2) (191 12)
76 (157 5)
77 (66 21) (78 6) (88 11)
78 (156 2) (167 3)
79 (90 3) (150 18) (156 1) (169 2)
80 (81 19) (91 8) (150 3)
81 (70 10) (80 19) (82 14) (92 23)
82 (81 14) (93 7) (200 8) (233 4)
83 (192 4) (200 3) (218 6) (227 4)
84 (95 19) (218 4) (222 1)
85 (86 21) (96 24) (208 4) (222 8)
86 (85 21) (87 10) (97 14) (191 4)
87 (86 10)
88 (77 11) (89 17) (99 25)
89 (88 17) (100 12) (167 2) (187 22)
90 (91 25) (101 2) (187 2)
91 (90 5) (92 25) (102 12)
92 (81 21) (91 25) (103 24) (147 1)
93 (94 8) (104 2) (147 2)
94 (93 8) (95 13) (105 6) (227 1)
95 (94 16) (96 17) (106 9)
96 (85 21) (95 17) (107 19) (212 7)
97 (98 8) (205 1) (212 2)
98 (97 8)
99 (166 9) (215 2)
100 (101 10) (111 2) (166 6)
101 (112 18) (175 2)
102 (91 12) (103 23) (113 25) (175 2)
103 (102 23) (104 3) (178 10)
104 (93 2) (103 3) (115 8) (183 1)
105 (106 17) (116 13) (183 9)
106 (95 9) (105 17) (107 22) (117 11)
107 (106 22) (118 3) (223 1)
108 (205 2) (207 12) (223 1) (228 10)
109 (207 8)
110 (144 5)
111 (100 2) (110 6) (143 5) (176 16)
112 (155 8) (176 1) (194 1)
113 (102 25) (114 21) (124 15) (194 4)
114 (113 21) (115 2) (173 6) (178 8)
115 (114 2) (116 6) (126 4)
116 (115 6) (127 6) (210 4)
117 (118 15) (210 1) (217 1)
118 (107 11) (117 15) (119 25) (129 22)
119 (118 25) (146 1) (209 6) (228 8)
120 (146 1)
121 (132 13) (144 2) (184 10)
122 (133 20) (143 2) (184 13) (198 4)
123 (124 2) (134 7) (155 15) (198 16)
124 (123 2) (159 7) (232 1)
125 (136 15) (173 9) (211 15) (232 4)
126 (137 17) (193 12) (211 7)
127 (128 15) (168 6) (193 12)
128 (127 15) (139 17) (217 1) (224 2)
129 (140 22) (221 14) (224 12)
130 (131 12) (141 21) (209 17) (221 2)
131 (130 12)
132 (121 21)
133 (122 6)
134 (123 14)
135 (159 14)
136 (125 15)
137 (126 17)
138 (168 16)
139 (128 17)
140 (129 22)
141 (130 22)
143 (111 5) (122 2)
144 (110 5) (121 2)
145 (20 10) (21 7)
146 (119 1) (120 1)
147 (92 1) (93 2)
148 (74 14) (75 10)
149 (8 3) (9 2)
150 (79 18) (80 3)
151 (13 15) (14 10)
152 (8 1) (19 1)
153 (12 4) (13 1)
154 (41 8) (52 13)
155 (112 8) (123 15)
156 (78 2) (79 1)
157 (75 2) (76 5)
158 (6 4) (7 11)
159 (124 7) (135 14)
160 (64 3) (65 6)
161 (2 11) (3 8)
162 (38 8) (49 17)
163 (19 13) (20 7)
164 (27 5) (38 9)
165 (1 4) (2 7)
166 (99 9) (100 6)
167 (78 3) (89 2)
168 (127 6) (138 16)
169 (68 11) (79 2)
170 (57 10) (58 10)
171 (41 11) (42 3)
172 (5 9) (6 4)
173 (114 6) (125 9)
174 (11 7) (22 4)
175 (101 2) (102 2)
176 (111 16) (112 1)
177 (39 5) (40 1)
178 (103 10) (114 8)
179 (44 2) (55 13)
180 (30 5) (31 10)
181 (19 1) (30 9)
182 (16 1) (17 1)
183 (104 1) (105 9)
184 (121 10) (122 13)
185 (4 10) (5 13)
186 (61 5) (62 12)
187 (89 22) (90 2)
188 (60 1) (71 20)
189 (13 20)
190 (55 1) (56 23)
191 (75 12) (86 4)
192 (72 8) (83 4)
193 (126 12) (127 12)
194 (112 1) (113 4)
195 (7 5) (8 7)
196 (3 2) (4 19)
197 (33 20) (44 3)
198 (122 4) (123 16)
199 (70 1) (71 7)
200 (82 8) (83 3)
201 (63 2) (64 5)
202 (27 3) (28 3)
203 (33 16) (34 7)
204 (12 4) (23 21)
205 (97 1) (108 2)
206 (42 4) (43 3)
207 (108 12) (109 8)
208 (74 7) (85 4)
209 (119 6) (130 17)
210 (116 4) (117 1)
211 (125 15) (126 7)
212 (96 7) (97 2)
213 (48 7) (49 14)
214 (75 1)
215 (110 7)
216 (49 18) (50 4)
217 (117 1) (128 1)
218 (83 6) (84 4)
219 (14 11)
220 (52 1) (53 1)
221 (129 14) (130 2)
222 (84 1) (85 8)
223 (107 1) (108 1)
224 (128 2) (129 12)
225 (66 3)
226 (0 2) (1 1)
227 (83 4) (94 1)
228 (108 10) (119 8)
229 (24 3)
230 (67 3) (68 3)
231 (51 10) (52 7)
232 (124 1) (125 4)
233 (71 1) (82 4)