234 460
90
143 144 145 146 147 148 149 150 151 152 153 154 155 156 157 158 159 160 161 162 163 164 165 166 167 168 169 170 171 172 173 174 175 176 177 178 179 180 181 182 183 184 185 186 187 188 189 190 191 192 193 194 195 196 197 198 199 200 201 202 203 204 205 206 207 208 209 210 211 212 213 214 215 216 217 218 219 220 221 222 223 224 225 226 227 228 229 230 231 232
233
0 (176 1)
1 (12 21) (206 2) (208 4)
2 (13 8) (183 10) (208 11)
3 (4 5) (14 5) (183 10)
4 (3 5) (15 9) (207 10)
5 (181 1) (197 6) (207 15)
6 (17 17) (178 5) (197 4)
7 (18 20) (178 1) (215 4)
8 (19 12) (179 5) (215 1)
9 (20 13) (179 13) (227 12)
10 (227 10)
11 (149 1) (190 2)
12 (148 13) (149 6) (217 11)
13 (24 22) (148 5) (199 7)
14 (3 5) (25 19) (150 14) (199 3)
15 (16 2) (26 6) (150 3)
16 (15 2) (17 16) (27 15) (181 1)
17 (16 16) (18 20) (28 9)
18 (17 20) (19 16) (29 3)
19 (18 16) (20 6) (30 2)
20 (9 13) (19 6) (151 2) (160 6)
21 (160 1)
22 (33 4) (190 1) (224 4)
23 (201 15) (217 11) (224 13) (231 8)
24 (13 22) (35 4) (161 10) (231 14)
25 (161 2) (167 14) (194 1)
26 (167 1) (216 15) (218 4)
27 (28 16) (38 6) (216 1)
28 (17 13) (27 16) (29 6) (39 12)
29 (40 19) (152 14)
30 (41 21) (212 1)
31 (42 18) (151 10) (166 4) (212 11)
32 (166 11)
33 (177 14)
34 (33 25) (35 10) (182 2) (201 10)
35 (36 4) (46 5)
36 (35 4) (37 25) (194 1) (196 3)
37 (36 25) (48 20) (223 4)
38 (39 9) (49 3) (223 5)
39 (28 12) (38 9) (203 3) (210 8)
40 (169 5) (210 8) (220 15)
41 (42 14) (52 23) (169 17)
42 (31 18) (41 14) (43 24) (53 25)
43 (42 13)
44 (55 17) (173 10)
45 (173 14) (182 22) (185 9) (222 2)
46 (185 1) (221 11) (230 10)
47 (48 6) (58 3) (196 4) (221 6)
48 (47 6) (49 21) (59 13)
49 (158 1) (214 4)
50 (51 14) (61 17) (203 2) (214 3)
51 (50 14) (62 2) (175 13) (220 5)
52 (156 19) (175 9) (191 1)
53 (156 1) (189 2) (202 2)
54 (189 20)
55 (66 18)
56 (67 14) (205 8) (222 3) (225 7)
57 (58 8) (68 23) (205 15)
58 (47 16) (57 8) (59 2) (69 3)
59 (60 18) (172 4)
60 (59 18) (158 1) (165 12) (187 3)
61 (62 2) (72 21) (165 1)
62 (61 2) (63 14) (211 1)
63 (62 14) (64 18) (74 10) (191 6)
64 (63 18) (75 25) (162 9)
65 (162 12)
66 (67 15) (77 7)
67 (66 15) (68 24) (232 5)
68 (57 23) (67 24) (69 17) (145 2)
69 (188 14)
70 (71 25) (81 4) (172 11) (198 7)
71 (70 25) (72 5) (82 6) (187 3)
72 (61 21) (71 5) (73 4) (83 4)
73 (72 4) (84 9) (168 1) (211 2)
74 (85 10) (168 1) (170 10)
75 (64 7) (86 15) (147 9) (170 1)
76 (147 11)
77 (66 7) (78 5) (155 4)
78 (77 5) (79 7) (89 9) (232 7)
79 (78 7) (90 16) (145 4) (195 4)
80 (91 13) (188 6) (195 6) (219 6)
81 (82 10) (92 25) (219 4)
82 (71 6) (81 10) (83 2) (193 12)
83 (84 2) (94 23)
84 (73 20) (83 2) (95 9) (146 4)
85 (86 20) (96 9) (146 2)
86 (75 15) (85 20) (97 3) (153 9)
87 (153 13)
88 (155 5) (164 7) (180 19)
89 (78 9) (159 2) (164 11) (226 2)
90 (91 4) (101 24) (226 20)
91 (80 21) (90 4) (102 9) (154 3)
92 (103 17) (154 12) (209 6)
93 (94 7) (143 4) (193 8) (209 11)
94 (83 23) (93 7) (95 2) (105 5)
95 (106 11) (192 4)
96 (85 9) (97 4) (107 23) (192 5)
97 (86 3) (96 4) (98 8) (108 18)
98 (97 7)
99 (110 13) (180 5) (200 6)
100 (101 10) (111 9) (159 3) (200 13)
101 (100 10) (102 12) (213 3)
102 (101 12) (103 11) (113 23)
103 (92 11) (102 11) (104 10) (114 10)
104 (103 10) (105 4) (115 14) (143 20)
105 (94 5) (104 4) (106 22) (116 11)
106 (105 22) (107 4) (117 11)
107 (96 23) (106 4) (118 4) (157 7)
108 (119 14) (157 10) (171 5)
109 (171 3)
110 (121 11) (163 5)
111 (100 9) (112 20) (122 15) (163 15)
112 (111 20) (113 7) (123 19) (213 2)
113 (102 23) (112 7) (114 10) (124 6)
114 (113 10) (115 24) (204 12)
115 (104 22) (114 24) (116 15) (126 20)
116 (105 11) (115 15) (117 5) (127 9)
117 (116 5) (118 18) (228 4)
118 (107 4) (117 18) (119 15) (129 25)
119 (108 14) (118 15) (120 17) (130 5)
120 (119 16)
121 (132 7) (184 14)
122 (111 17) (123 11) (184 5) (229 17)
123 (112 19) (122 11) (124 18) (186 1)
124 (123 18) (125 12) (135 23)
125 (124 12) (126 13) (144 4) (204 7)
126 (125 13) (127 13) (137 4)
127 (126 13) (128 12) (174 5)
128 (127 12) (139 11) (228 20) (233 2)
129 (130 19) (140 19) (233 4)
130 (119 5) (129 19) (131 11) (141 21)
131 (130 24)
132 (121 7)
133 (229 6)
134 (186 17)
135 (124 25)
136 (144 16)
137 (126 4)
138 (174 2)
139 (128 11)
140 (129 19)
141 (130 21)
143 (93 4) (104 20)
144 (125 4) (136 16)
145 (68 2) (79 4)
146 (84 4) (85 2)
147 (75 9) (76 11)
148 (12 13) (13 5)
149 (11 1) (12 6)
150 (14 14) (15 3)
151 (20 2) (31 10)
152 (30 9)
153 (86 9) (87 13)
154 (91 3) (92 12)
155 (77 4) (88 5)
156 (52 19) (53 1)
157 (107 7) (108 10)
158 (49 1) (60 1)
159 (89 2) (100 3)
160 (20 6) (21 1)
161 (24 10) (25 2)
162 (64 9) (65 12)
163 (110 5) (111 15)
164 (88 7) (89 11)
165 (60 12) (61 1)
166 (31 4) (32 11)
167 (25 14) (26 1)
168 (73 1) (74 1)
169 (40 5) (41 17)
170 (74 10) (75 1)
171 (108 5) (109 3)
172 (59 4) (70 11)
173 (44 10) (45 14)
174 (127 5) (138 2)
175 (51 13) (52 9)
176 (11 16)
177 (44 2)
178 (6 5) (7 1)
179 (8 5) (9 13)
180 (88 19) (99 5)
181 (5 1) (16 1)
182 (34 2) (45 22)
183 (2 10) (3 10)
184 (121 14) (122 5)
185 (45 9) (46 1)
186 (123 1) (134 17)
187 (60 3) (71 3)
188 (69 14) (80 6)
189 (53 2) (54 20)
190 (11 2) (22 1)
191 (52 1) (63 6)
192 (95 4) (96 5)
193 (82 12) (93 8)
194 (25 1) (36 1)
195 (79 4) (80 6)
196 (36 3) (47 4)
197 (5 6) (6 4)
198 (69 3)
199 (13 7) (14 3)
200 (99 6) (100 13)
201 (23 15) (34 10)
202 (64 4)
203 (39 3) (50 2)
204 (114 12) (125 7)
205 (56 8) (57 15)
206 (0 1)
207 (4 10) (5 15)
208 (1 4) (2 11)
209 (92 6) (93 11)
210 (39 8) (40 8)
211 (62 1) (73 2)
212 (30 1) (31 11)
213 (101 3) (112 2)
214 (49 4) (50 3)
215 (7 4) (8 1)
216 (26 15) (27 1)
217 (12 11) (23 11)
218 (37 5)
219 (80 6) (81 4)
220 (40 15) (51 5)
221 (46 11) (47 6)
222 (45 2) (56 3)
223 (37 4) (38 5)
224 (22 4) (23 13)
225 (55 17)
226 (89 2) (90 20)
227 (9 12) (10 10)
228 (117 4) (128 20)
229 (122 17) (133 6)
230 (57 2)
231 (23 8) (24 14)
232 (67 5) (78 7)
233 (128 2) (129 4)