234 460
90
143 144 145 146 147 148 149 150 151 152 153 154 155 156 157 158 159 160 161 162 163 164 165 166 167 168 169 170 171 172 173 174 175 176 177 178 179 180 181 182 183 184 185 186 187 188 189 190 191 192 193 194 195 196 197 198 199 200 201 202 203 204 205 206 207 208 209 210 211 212 213 214 215 216 217 218 219 220 221 222 223 224 225 226 227 228 229 230 231 232
233
0 (11 5) (161 3)
1 (161 4) (173 3) (186 8)
2 (3 8) (13 16) (173 6)
3 (2 8) (4 19) (14 24)
4 (3 8) (5 19) (15 21)
5 (4 19) (6 6) (16 11)
6 (5 6) (17 10) (205 10)
7 (153 5) (205 8) (216 2)
8 (9 23) (19 23) (216 3)
9 (8 2) (10 14) (147 1)
10 (9 14)
11 (0 5) (12 3) (22 3)
12 (11 3) (23 4) (186 13) (209 7)
13 (14 14) (158 18) (209 2)
14 (13 14) (25 21) (167 6)
15 (16 18) (26 25) (167 5)
16 (17 2) (27 6)
17 (163 19) (222 9)
18 (153 8) (157 2) (163 3) (189 13)
19 (157 12) (160 3) (185 6)
20 (145 3) (147 2) (160 20) (208 4)
21 (208 1)
22 (33 17) (232 5)
23 (34 20) (207 2)
24 (25 11) (35 6) (158 6) (207 17)
25 (14 21) (24 11) (181 14) (221 5)
26 (152 16) (219 5) (221 10)
27 (28 10) (38 5) (152 3)
28 (27 10) (39 2) (164 1)
29 (30 14) (40 3) (164 1)
30 (29 14) (41 12) (185 19) (224 5)
31 (145 5) (203 3) (210 5) (224 1)
32 (210 8)
33 (44 15) (165 1)
34 (35 14) (45 5)
35 (177 1) (231 13)
36 (37 2) (47 18) (177 19) (181 3)
37 (36 2) (38 18) (219 4) (226 1)
38 (162 1) (213 4)
39 (28 2) (40 14) (162 1) (192 1)
40 (171 3)
41 (225 10) (230 1)
42 (155 18) (203 5) (225 7) (228 5)
43 (228 16)
44 (45 12) (55 21)
45 (44 12) (46 17) (56 14)
46 (45 17) (57 5) (183 10)
47 (58 21) (183 14) (233 1)
48 (49 14) (159 2) (226 5) (233 4)
49 (48 14) (60 9) (211 1)
50 (51 18) (61 24) (192 14) (211 11)
51 (50 18) (52 19) (229 12)
52 (51 19) (63 25) (200 8) (230 2)
53 (143 18) (155 2) (200 11) (223 2)
54 (143 6)
55 (44 13) (56 18) (156 2)
56 (55 18) (57 5) (67 24)
57 (46 21) (56 5) (58 24) (68 14)
58 (57 21) (59 17) (195 1)
59 (58 17) (60 18) (70 17) (159 1)
60 (49 9) (59 18) (61 19) (206 3)
61 (60 19) (62 7) (194 5)
62 (61 7) (63 23) (220 2) (229 2)
63 (184 2) (204 21)
64 (180 6) (204 1) (217 11) (223 17)
65 (217 7)
66 (77 3) (156 3) (196 5)
67 (196 5) (198 2) (202 10)
68 (79 9) (198 13) (199 4)
69 (70 15) (80 17) (195 3) (199 3)
70 (59 17) (69 15) (71 4) (178 3)
71 (70 4) (72 10) (82 5) (206 1)
72 (71 10) (73 19) (83 23) (194 5)
73 (72 19) (74 12) (84 21) (220 1)
74 (73 12) (75 16) (85 13) (184 1)
75 (74 16) (76 25) (172 2) (180 4)
76 (75 25)
77 (78 5) (88 7)
78 (77 5) (79 17) (89 3) (202 3)
79 (68 9) (78 17) (80 21) (193 2)
80 (69 17) (79 21) (81 8) (91 22)
81 (80 8) (82 20) (92 16) (178 21)
82 (71 5) (81 20) (83 25) (93 21)
83 (82 25) (94 8) (182 6)
84 (95 10) (149 4) (182 16)
85 (86 8) (96 6) (149 4)
86 (85 8) (97 25) (150 9) (172 1)
87 (150 8)
88 (99 9) (154 10)
89 (78 3) (90 22) (100 9) (154 1)
90 (89 22) (91 12) (101 11) (193 11)
91 (90 7) (92 2) (102 9)
92 (81 16) (91 2) (103 11) (146 10)
93 (146 9) (169 3) (176 17)
94 (95 6) (105 4) (169 17)
95 (94 6) (96 10) (106 25)
96 (85 23) (95 10) (97 23) (107 9)
97 (86 25) (96 23) (98 25) (108 14)
98 (97 25)
99 (110 4)
100 (99 12) (187 12) (212 2)
101 (102 15) (112 23) (212 3)
102 (91 4) (101 15) (103 3) (113 9)
103 (92 11) (102 3) (104 21) (114 19)
104 (103 21) (151 1) (175 14) (176 7)
105 (175 10) (188 7) (227 11)
106 (107 25) (117 16)
107 (96 8) (106 25) (108 22) (197 4)
108 (97 14) (107 22) (109 19) (119 20)
109 (108 19)
110 (148 7) (191 5)
111 (112 22) (122 22) (187 5) (191 1)
112 (101 23) (111 22) (113 21) (123 4)
113 (112 21) (114 24) (124 3)
114 (103 19) (113 24) (170 7) (179 2)
115 (126 9) (151 1) (170 6) (190 2)
116 (117 10) (127 23) (188 10) (190 14)
117 (128 22) (201 6)
118 (129 17) (197 14) (201 17) (214 16)
119 (130 24) (214 4) (215 10)
120 (215 1)
121 (148 4) (168 3) (174 3)
122 (123 8) (133 7) (174 8)
123 (112 4) (122 8) (124 14) (134 16)
124 (113 3) (123 14) (125 16) (144 13)
125 (124 16) (126 21) (136 16) (179 1)
126 (125 12) (127 10) (166 2)
127 (116 8) (126 10) (128 20) (138 2)
128 (117 22) (127 20) (129 7) (139 15)
129 (128 7) (130 2) (218 6)
130 (119 24) (129 2) (131 5) (141 17)
131 (130 11)
132 (168 5)
133 (122 16)
134 (123 16)
135 (144 3)
136 (125 16)
137 (166 2)
138 (127 2)
139 (128 15)
140 (218 19)
141 (130 17)
143 (53 18) (54 6)
144 (124 13) (135 3)
145 (20 3) (31 5)
146 (92 10) (93 9)
147 (9 1) (20 2)
148 (110 7) (121 4)
149 (84 4) (85 4)
150 (86 9) (87 8)
151 (104 1) (115 1)
152 (26 16) (27 3)
153 (7 5) (18 8)
154 (88 10) (89 1)
155 (42 18) (53 2)
156 (55 2) (66 3)
157 (18 2) (19 12)
158 (13 18) (24 6)
159 (48 2) (59 1)
160 (19 3) (20 20)
161 (0 3) (1 4)
162 (38 1) (39 1)
163 (17 19) (18 3)
164 (28 1) (29 1)
165 (34 3)
166 (126 2) (137 2)
167 (14 6) (15 5)
168 (121 3) (132 5)
169 (93 3) (94 17)
170 (114 7) (115 6)
171 (51 6)
172 (75 2) (86 1)
173 (1 3) (2 6)
174 (121 3) (122 8)
175 (104 14) (105 10)
176 (93 17) (104 7)
177 (35 1) (36 19)
178 (70 3) (81 21)
179 (114 2) (125 1)
180 (64 6) (75 4)
181 (25 14) (36 3)
182 (83 6) (84 16)
183 (46 10) (47 14)
184 (63 2) (74 1)
185 (19 6) (30 19)
186 (1 8) (12 13)
187 (100 12) (111 5)
188 (105 7) (116 10)
189 (29 9)
190 (115 2) (116 14)
191 (110 5) (111 1)
192 (39 1) (50 14)
193 (79 2) (90 11)
194 (61 5) (72 5)
195 (58 1) (69 3)
196 (66 5) (67 5)
197 (107 4) (118 14)
198 (67 2) (68 13)
199 (68 4) (69 3)
200 (52 8) (53 11)
201 (117 6) (118 17)
202 (67 10) (78 3)
203 (31 3) (42 5)
204 (63 21) (64 1)
205 (6 10) (7 8)
206 (60 3) (71 1)
207 (23 2) (24 17)
208 (20 4) (21 1)
209 (12 7) (13 2)
210 (31 5) (32 8)
211 (49 1) (50 11)
212 (100 2) (101 3)
213 (49 10)
214 (118 16) (119 4)
215 (119 10) (120 1)
216 (7 2) (8 3)
217 (64 11) (65 7)
218 (129 6) (140 19)
219 (26 5) (37 4)
220 (62 2) (73 1)
221 (25 5) (26 10)
222 (28 6)
223 (53 2) (64 17)
224 (30 5) (31 1)
225 (41 10) (42 7)
226 (37 1) (48 5)
227 (106 2)
228 (42 5) (43 16)
229 (51 12) (62 2)
230 (41 1) (52 2)
231 (46 5)
232 (23 16)
233 (47 1) (48 4)