234 460
90
143 144 145 146 147 148 149 150 151 152 153 154 155 156 157 158 159 160 161 162 163 164 165 166 167 168 169 170 171 172 173 174 175 176 177 178 179 180 181 182 183 184 185 186 187 188 189 190 191 192 193 194 195 196 197 198 199 200 201 202 203 204 205 206 207 208 209 210 211 212 213 214 215 216 217 218 219 220 221 222 223 224 225 226 227 228 229 230 231 232
233
0 (11 13)
1 (0 10) (2 17) (12 15)
2 (1 19) (3 9) (13 16)
3 (2 9) (4 13) (14 15)
4 (3 13) (15 22) (189 6)
5 (16 22) (146 3) (189 1)
6 (146 9) (151 18) (188 2)
7 (18 12) (169 14) (188 2)
8 (19 25) (161 11) (169 1)
9 (161 2) (170 8) (200 2)
10 (170 2)
11 (22 2) (208 11)
12 (1 15) (13 10) (23 20) (208 14)
13 (24 12) (176 20)
14 (176 3) (178 14) (193 5)
15 (155 5) (178 4) (198 9)
16 (17 25) (27 21) (198 8)
17 (16 25) (18 10) (28 14) (151 3)
18 (19 12) (29 3)
19 (20 13) (30 19)
20 (19 13) (148 2) (173 1) (200 2)
21 (148 2)
22 (33 15) (144 1)
23 (225 19)
24 (35 10) (212 2) (223 2)
25 (36 5) (167 1)
26 (27 3) (37 19) (155 14) (167 2)
27 (16 21) (26 3) (28 9) (38 20)
28 (27 9) (39 12) (217 16)
29 (40 16) (195 12) (217 2)
30 (41 16) (195 8) (229 2)
31 (173 4) (187 7) (229 15) (231 1)
32 (231 1)
33 (22 19) (34 23) (44 21)
34 (35 23) (165 8)
35 (46 12) (210 13)
36 (47 23) (184 10)
37 (38 11) (48 22)
38 (37 11) (39 3) (49 9)
39 (28 12) (38 3) (40 24) (147 10)
40 (51 23) (222 10)
41 (30 15) (42 25) (52 9) (222 4)
42 (41 25) (43 2) (53 19) (187 5)
43 (42 10)
44 (33 21) (205 12) (233 10)
45 (46 24) (154 6) (165 15) (233 6)
46 (183 3) (199 1)
47 (36 23) (164 1) (183 12) (227 3)
48 (49 21) (164 2) (216 6)
49 (48 21) (50 7) (60 15)
50 (49 7) (51 15) (61 20) (147 9)
51 (168 9)
52 (41 9) (51 16) (63 11) (145 16)
53 (145 4) (197 19) (228 13)
54 (197 3)
55 (56 22) (205 11) (207 2)
56 (55 22) (67 17) (154 1) (224 4)
57 (58 5) (149 4) (199 2) (224 1)
58 (57 5) (59 4) (69 14) (227 9)
59 (58 4) (70 3) (201 4) (216 2)
60 (172 8) (196 3) (201 21)
61 (72 25) (186 13) (196 2)
62 (63 4) (168 6) (181 12) (186 8)
63 (52 11) (62 4) (64 4) (74 9)
64 (63 4) (152 3) (218 4) (228 10)
65 (152 8)
66 (67 2) (77 5) (207 1)
67 (56 17) (66 2) (68 22) (174 16)
68 (67 22) (69 10) (79 25) (149 1)
69 (58 14) (68 10) (80 22) (192 5)
70 (71 8) (81 18) (192 6)
71 (70 8) (72 11) (172 1) (209 4)
72 (83 21) (156 5)
73 (74 24) (84 22) (156 2) (181 4)
74 (63 9) (73 24) (75 10) (85 18)
75 (74 10) (76 12) (86 23) (218 3)
76 (75 12)
77 (66 5) (78 15) (88 23)
78 (77 15) (79 25) (174 5) (194 5)
79 (78 16) (80 5) (185 12)
80 (69 7) (79 5) (91 10) (160 8)
81 (82 21) (92 2) (160 2)
82 (81 21) (83 15) (93 19) (209 1)
83 (72 21) (82 15) (84 10) (94 14)
84 (73 22) (83 10) (95 23) (157 9)
85 (150 9) (157 5) (158 1)
86 (87 4) (97 23) (158 5)
87 (86 4)
88 (203 5) (232 3)
89 (100 22) (194 11) (215 9) (232 20)
90 (101 8) (185 2) (215 2) (221 1)
91 (80 10) (92 7) (102 13) (221 4)
92 (81 2) (91 7) (103 6) (175 3)
93 (94 12) (104 25) (175 4)
94 (83 14) (93 12) (95 22) (105 4)
95 (96 24) (106 17)
96 (95 24) (97 14) (107 16) (150 2)
97 (86 23) (96 14) (98 13) (108 7)
98 (97 24)
99 (143 3) (203 5) (219 5)
100 (111 11) (143 3) (204 2)
101 (90 8) (102 16) (162 8) (204 13)
102 (91 13) (101 16) (113 2) (211 8)
103 (104 16) (114 15) (211 12)
104 (103 16) (105 6) (220 3)
105 (94 17) (104 6) (106 12) (116 21)
106 (95 17) (105 12) (117 22) (206 2)
107 (191 2) (206 2) (226 10)
108 (109 21) (119 10) (226 5)
109 (108 21)
110 (111 24) (121 9)
111 (100 11) (110 24) (179 9) (214 1)
112 (113 4) (123 13) (162 1) (179 9)
113 (102 2) (112 4) (114 3) (124 7)
114 (103 15) (113 3) (115 19) (163 5)
115 (114 19) (116 7) (126 18) (220 5)
116 (105 21) (115 7) (127 4) (180 13)
117 (118 5) (180 5) (213 13)
118 (117 5) (119 12) (159 2) (191 5)
119 (108 10) (118 12) (120 22) (190 3)
120 (119 4)
121 (122 18) (202 5)
122 (121 18) (123 2) (133 7) (214 4)
123 (112 13) (122 2) (166 2) (230 9)
124 (135 11) (166 2) (171 17)
125 (136 3) (163 3) (171 6) (177 6)
126 (127 23) (153 3) (177 7)
127 (126 23) (128 2) (138 21)
128 (127 2) (129 17) (139 24) (213 8)
129 (128 17) (130 11) (140 5) (159 3)
130 (129 11) (141 2) (182 4) (190 2)
131 (182 14)
132 (202 5)
133 (122 7)
134 (230 14)
135 (124 11)
136 (125 19)
137 (153 12)
138 (127 21)
139 (128 23)
140 (129 3)
141 (130 3)
143 (99 3) (100 3)
144 (23 7)
145 (52 16) (53 4)
146 (5 3) (6 9)
147 (39 10) (50 9)
148 (20 2) (21 2)
149 (57 4) (68 1)
150 (85 9) (96 2)
151 (6 18) (17 3)
152 (64 3) (65 8)
153 (126 3) (137 12)
154 (45 6) (56 1)
155 (15 5) (26 14)
156 (72 5) (73 2)
157 (84 9) (85 5)
158 (85 1) (86 5)
159 (118 2) (129 3)
160 (80 8) (81 2)
161 (8 11) (9 2)
162 (101 8) (112 1)
163 (114 5) (125 3)
164 (47 1) (48 2)
165 (34 8) (45 15)
166 (123 2) (124 2)
167 (25 1) (26 2)
168 (51 9) (62 6)
169 (7 14) (8 1)
170 (9 8) (10 2)
171 (124 17) (125 6)
172 (60 8) (71 1)
173 (20 1) (31 4)
174 (67 16) (78 5)
175 (92 3) (93 4)
176 (13 20) (14 3)
177 (125 6) (126 7)
178 (14 14) (15 4)
179 (111 9) (112 9)
180 (116 13) (117 5)
181 (62 12) (73 4)
182 (130 4) (131 14)
183 (46 3) (47 12)
184 (37 5)
185 (79 12) (90 2)
186 (61 13) (62 8)
187 (31 7) (42 5)
188 (6 2) (7 2)
189 (4 6) (5 1)
190 (119 3) (130 2)
191 (107 2) (118 5)
192 (69 5) (70 6)
193 (25 19)
194 (78 5) (89 11)
195 (29 12) (30 8)
196 (60 3) (61 2)
197 (53 19) (54 3)
198 (15 9) (16 8)
199 (46 1) (57 2)
200 (9 2) (20 2)
201 (59 4) (60 21)
202 (121 5) (132 5)
203 (88 5) (99 5)
204 (100 2) (101 13)
205 (44 12) (55 11)
206 (106 2) (107 2)
207 (55 2) (66 1)
208 (11 11) (12 14)
209 (71 4) (82 1)
210 (36 4)
211 (102 8) (103 12)
212 (23 11)
213 (117 13) (128 8)
214 (111 1) (122 4)
215 (89 9) (90 2)
216 (48 6) (59 2)
217 (28 16) (29 2)
218 (64 4) (75 3)
219 (110 20)
220 (104 3) (115 5)
221 (90 1) (91 4)
222 (40 10) (41 4)
223 (25 1)
224 (56 4) (57 1)
225 (34 5)
226 (107 10) (108 5)
227 (47 3) (58 9)
228 (53 13) (64 10)
229 (30 2) (31 15)
230 (123 9) (134 14)
231 (31 1) (32 1)
232 (88 3) (89 20)
233 (44 10) (45 6)