234 460
90
143 144 145 146 147 148 149 150 151 152 153 154 155 156 157 158 159 160 161 162 163 164 165 166 167 168 169 170 171 172 173 174 175 176 177 178 179 180 181 182 183 184 185 186 187 188 189 190 191 192 193 194 195 196 197 198 199 200 201 202 203 204 205 206 207 208 209 210 211 212 213 214 215 216 217 218 219 220 221 222 223 224 225 226 227 228 229 230 231 232
233
0 (193 17)
1 (0 25) (231 21) (232 2)
2 (3 21) (13 25) (232 1)
3 (2 21) (14 23) (224 2)
4 (5 16) (15 22) (224 1)
5 (4 16) (6 12) (16 18)
6 (5 12) (17 6) (210 16)
7 (18 9) (210 7) (228 7)
8 (9 5) (19 3) (228 6)
9 (8 19) (10 25) (20 17)
10 (9 25)
11 (148 11)
12 (11 19) (23 18) (200 6) (231 3)
13 (24 7) (165 3) (200 8)
14 (165 18) (170 3) (195 1)
15 (26 19) (170 12) (213 1)
16 (27 7) (145 5)
17 (6 9) (28 4) (145 2) (196 1)
18 (19 23) (29 12) (196 2)
19 (18 4) (30 7) (211 1)
20 (143 4) (186 1) (211 5)
21 (143 20)
22 (33 23) (175 8)
23 (12 18) (151 7) (168 15) (175 1)
24 (151 5) (177 6) (217 12)
25 (26 8) (36 24) (195 5) (217 9)
26 (15 19) (25 8) (37 12) (144 5)
27 (28 10) (38 4) (144 13)
28 (17 11) (27 10) (29 14) (39 4)
29 (28 14) (30 7) (40 3)
30 (29 7) (31 5) (162 2)
31 (30 5) (42 16) (186 4) (199 9)
32 (199 11)
33 (179 13) (180 2)
34 (35 3) (45 2) (168 4) (179 6)
35 (34 3) (36 24) (46 18) (177 18)
36 (25 24) (35 24) (174 3) (226 1)
37 (38 6) (48 15) (174 9)
38 (27 22) (37 6) (39 5) (49 7)
39 (40 17) (147 2)
40 (51 6) (161 7)
41 (52 4) (161 7) (162 14) (209 4)
42 (43 2) (181 13) (209 10)
43 (42 20)
44 (45 13) (160 6)
45 (44 13) (46 12) (56 17)
46 (35 18) (45 12) (47 18) (57 22)
47 (46 18) (58 16) (189 10) (226 8)
48 (49 23) (59 16) (189 7)
49 (48 23) (50 20) (150 14)
50 (49 20) (51 20) (146 1) (147 20)
51 (40 6) (50 20) (62 5) (178 2)
52 (163 4) (178 1) (206 9)
53 (54 13) (181 2) (185 14) (206 2)
54 (53 23)
55 (56 18) (66 24) (160 5)
56 (55 18) (57 19) (67 10)
57 (56 25) (58 17) (205 1)
58 (47 16) (57 17) (59 23) (69 15)
59 (48 16) (58 23) (60 24) (158 6)
60 (59 24) (149 16) (150 10) (188 8)
61 (62 24) (72 4) (146 3) (188 6)
62 (61 24) (187 3) (197 22)
63 (74 13) (163 3) (187 16) (214 17)
64 (65 18) (75 5) (185 8) (214 2)
65 (64 21)
66 (55 24) (67 11) (77 24)
67 (66 11) (68 18) (169 13)
68 (67 18) (69 17) (79 24) (205 1)
69 (58 15) (68 17) (70 23) (80 23)
70 (69 23) (81 25) (158 1) (167 17)
71 (72 22) (82 4) (149 6) (167 6)
72 (61 4) (71 22) (73 10) (183 11)
73 (72 10) (74 25) (84 17) (197 2)
74 (198 10) (202 5)
75 (64 5) (76 15) (86 15) (198 11)
76 (75 13)
77 (172 2)
78 (77 15) (169 11) (192 15) (201 2)
79 (90 6) (201 17) (208 4)
80 (81 10) (156 1) (208 11)
81 (70 25) (80 10) (82 21) (92 11)
82 (93 7) (223 3)
83 (84 13) (176 1) (183 2) (223 2)
84 (83 13) (85 21) (95 21)
85 (84 21) (86 5) (215 1)
86 (75 12) (85 5) (157 8) (218 1)
87 (218 7)
88 (99 17) (220 11)
89 (100 11) (192 8) (220 4) (230 4)
90 (91 20) (101 24) (230 10)
91 (90 20) (92 9) (102 19) (156 1)
92 (81 11) (91 9) (93 6) (103 2)
93 (104 13) (233 4)
94 (95 6) (176 2) (204 2) (233 16)
95 (96 14) (219 2)
96 (95 14) (107 3) (166 7) (215 2)
97 (108 13) (157 7) (166 10) (173 1)
98 (173 3)
99 (100 15) (110 6)
100 (99 6) (101 15) (111 6)
101 (90 24) (100 15) (102 18) (112 5)
102 (91 19) (101 18) (103 12) (113 16)
103 (92 2) (102 12) (104 9) (114 9)
104 (103 9) (105 9) (115 17)
105 (104 9) (106 23) (159 18) (204 2)
106 (105 23) (107 18) (117 4) (219 8)
107 (106 18) (108 19) (118 15)
108 (107 4) (109 23) (119 7)
109 (108 3)
110 (99 6) (111 2) (229 16)
111 (110 2) (112 5) (122 9)
112 (111 5) (123 17) (155 4)
113 (155 15) (182 4) (184 9)
114 (182 6) (203 2) (216 2)
115 (116 22) (203 9) (221 7)
116 (115 22) (117 2) (159 5) (164 4)
117 (116 6) (118 25) (227 1)
118 (107 15) (117 25) (207 1) (222 10)
119 (130 5) (191 5) (207 1)
120 (191 16)
121 (122 9) (212 8) (229 9)
122 (121 13) (123 22) (133 14)
123 (122 23) (124 3) (152 11)
124 (123 3) (125 23) (184 5) (190 15)
125 (124 24) (171 17) (225 7)
126 (127 12) (154 1) (221 2) (225 1)
127 (126 12) (128 13) (138 24) (164 9)
128 (127 13) (129 11) (139 23) (227 2)
129 (128 11) (130 9) (153 3) (222 15)
130 (129 3) (131 4) (194 11)
131 (130 3)
132 (212 6)
133 (122 14)
134 (152 1)
135 (190 8)
136 (171 8)
137 (154 8)
138 (127 7)
139 (128 23)
140 (153 1)
141 (194 7)
143 (20 4) (21 20)
144 (26 5) (27 13)
145 (16 5) (17 2)
146 (50 1) (61 3)
147 (39 2) (50 20)
148 (22 5)
149 (60 16) (71 6)
150 (49 14) (60 10)
151 (23 7) (24 5)
152 (123 11) (134 1)
153 (129 3) (140 1)
154 (126 1) (137 8)
155 (112 4) (113 15)
156 (80 1) (91 1)
157 (86 8) (97 7)
158 (59 6) (70 1)
159 (105 18) (116 5)
160 (44 6) (55 5)
161 (40 7) (41 7)
162 (30 2) (41 14)
163 (52 4) (63 3)
164 (116 4) (127 9)
165 (13 3) (14 18)
166 (96 7) (97 10)
167 (70 17) (71 6)
168 (23 15) (34 4)
169 (67 13) (78 11)
170 (14 3) (15 12)
171 (125 17) (136 8)
172 (88 5)
173 (97 1) (98 3)
174 (36 3) (37 9)
175 (22 8) (23 1)
176 (83 1) (94 2)
177 (24 6) (35 18)
178 (51 2) (52 1)
179 (33 13) (34 6)
180 (44 8)
181 (42 13) (53 2)
182 (113 4) (114 6)
183 (72 11) (83 2)
184 (113 9) (124 5)
185 (53 14) (64 8)
186 (20 1) (31 4)
187 (62 3) (63 16)
188 (60 8) (61 6)
189 (47 10) (48 7)
190 (124 15) (135 8)
191 (119 5) (120 16)
192 (78 15) (89 8)
193 (11 2)
194 (130 11) (141 7)
195 (14 1) (25 5)
196 (17 1) (18 2)
197 (62 22) (73 2)
198 (74 10) (75 11)
199 (31 9) (32 11)
200 (12 6) (13 8)
201 (78 2) (79 17)
202 (85 10)
203 (114 2) (115 9)
204 (94 2) (105 2)
205 (57 1) (68 1)
206 (52 9) (53 2)
207 (118 1) (119 1)
208 (79 4) (80 11)
209 (41 4) (42 10)
210 (6 16) (7 7)
211 (19 1) (20 5)
212 (121 8) (132 6)
213 (16 4)
214 (63 17) (64 2)
215 (85 1) (96 2)
216 (125 9)
217 (24 12) (25 9)
218 (86 1) (87 7)
219 (95 2) (106 8)
220 (88 11) (89 4)
221 (115 7) (126 2)
222 (118 10) (129 15)
223 (82 3) (83 2)
224 (3 2) (4 1)
225 (125 7) (126 1)
226 (36 1) (47 8)
227 (117 1) (128 2)
228 (7 7) (8 6)
229 (110 16) (121 9)
230 (89 4) (90 10)
231 (1 21) (12 3)
232 (1 2) (2 1)
233 (93 4) (94 16)