234 460
90
143 144 145 146 147 148 149 150 151 152 153 154 155 156 157 158 159 160 161 162 163 164 165 166 167 168 169 170 171 172 173 174 175 176 177 178 179 180 181 182 183 184 185 186 187 188 189 190 191 192 193 194 195 196 197 198 199 200 201 202 203 204 205 206 207 208 209 210 211 212 213 214 215 216 217 218 219 220 221 222 223 224 225 226 227 228 229 230 231 232
233
0 (145 12) (224 2)
1 (12 10) (145 5) (174 7)
2 (3 12) (13 23) (174 13)
3 (2 12) (143 14) (162 11)
4 (147 12) (162 9) (193 1)
5 (6 22) (16 14) (147 7)
6 (5 5) (7 13) (17 8)
7 (6 13) (8 18) (190 2)
8 (7 13) (215 4) (217 6)
9 (183 2) (215 5) (218 2)
10 (183 16)
11 (146 6) (192 4)
12 (13 23) (23 12) (146 6)
13 (2 23) (12 23) (14 6) (164 3)
14 (13 6) (15 11) (25 20) (143 6)
15 (26 12) (185 4)
16 (5 14) (17 21) (27 22) (185 13)
17 (16 21) (18 19) (28 7)
18 (17 19) (19 23) (29 6) (190 2)
19 (18 23) (20 15) (189 6) (217 16)
20 (19 15) (21 21) (31 8) (218 20)
21 (20 21)
22 (182 1)
23 (12 12) (22 2) (24 21) (34 15)
24 (23 21) (25 4) (164 10) (165 4)
25 (14 20) (24 4) (26 14) (184 2)
26 (15 12) (25 14) (27 21) (197 11)
27 (16 22) (26 21) (28 9) (38 22)
28 (17 7) (27 9) (29 11) (39 11)
29 (18 6) (28 11) (30 14) (40 24)
30 (29 14) (31 13) (41 2) (189 19)
31 (20 8) (30 13) (42 10) (169 6)
32 (169 15)
33 (34 25) (44 11) (182 5)
34 (33 25) (45 12) (198 2)
35 (165 17) (198 1) (219 10) (227 7)
36 (37 4) (47 9) (184 1) (219 9)
37 (36 4) (38 17) (48 4) (197 6)
38 (27 22) (37 17) (160 21) (225 8)
39 (40 24) (50 18) (225 3)
40 (29 24) (39 24) (41 7) (208 9)
41 (40 7) (52 8) (176 12)
42 (176 4) (178 3) (205 6)
43 (178 7)
44 (45 24) (55 20)
45 (56 23) (233 12)
46 (47 13) (57 10) (227 3) (233 3)
47 (58 8)
48 (49 18) (59 18) (202 3)
49 (48 18) (50 5) (60 8) (160 4)
50 (49 5) (51 13) (61 15)
51 (50 13) (52 17) (62 6) (208 4)
52 (53 15) (63 2)
53 (52 15) (54 17) (64 8) (205 16)
54 (53 3)
55 (206 11) (210 11)
56 (45 23) (57 4) (67 20) (210 4)
57 (56 4) (58 14) (68 6)
58 (47 8) (57 14) (59 5) (69 24)
59 (148 8) (181 1)
60 (49 8) (61 2) (170 15) (181 2)
61 (50 15) (60 2) (62 20) (201 4)
62 (186 6) (204 15)
63 (52 2) (64 22) (74 17) (186 12)
64 (63 9) (75 14) (196 4)
65 (196 15)
66 (77 3) (206 7) (209 3)
67 (68 10) (78 11) (209 22)
68 (57 6) (67 10) (69 4) (216 9)
69 (68 4) (80 4) (194 2)
70 (81 21) (148 2) (194 11) (203 2)
71 (72 6) (82 18) (170 4) (203 11)
72 (71 6) (73 10) (166 2) (201 13)
73 (72 10) (74 17) (84 16) (204 3)
74 (63 17) (73 17) (171 6) (172 2)
75 (172 7) (175 22) (188 13)
76 (175 1)
77 (66 3) (78 24) (88 4)
78 (79 20) (89 6)
79 (78 20) (80 15) (90 19) (216 4)
80 (79 15) (81 7) (91 7)
81 (70 21) (80 7) (82 20) (92 16)
82 (159 13) (161 13)
83 (161 1) (166 17) (191 10) (211 4)
84 (95 10) (191 8) (212 3)
85 (163 1) (171 5) (212 7) (230 5)
86 (87 13) (97 2) (163 5)
87 (86 13)
88 (89 25) (173 3)
89 (78 6) (88 25) (90 14) (100 2)
90 (89 14) (101 19) (158 1)
91 (92 3) (102 24) (158 2)
92 (81 16) (91 3) (180 8) (200 2)
93 (159 1) (200 2) (220 1) (231 14)
94 (214 5) (226 1)
95 (106 10) (214 2) (232 2)
96 (97 24) (152 7)
97 (86 16) (96 19) (98 8) (108 5)
98 (97 8)
99 (110 4) (173 8) (177 15)
100 (101 5) (111 7) (177 3)
101 (112 15)
102 (91 3) (101 9) (168 4) (199 11)
103 (104 2) (114 24) (180 10) (199 11)
104 (103 2) (105 9) (115 20) (220 1)
105 (104 9) (116 2) (156 9) (226 3)
106 (117 8) (156 10) (187 3)
107 (108 7) (118 16) (152 13) (187 9)
108 (97 5) (107 7) (119 9) (149 3)
109 (149 4)
110 (111 9) (121 3)
111 (100 7) (110 9) (112 20) (122 12)
112 (113 4) (123 19)
113 (112 4) (114 8) (124 8) (168 20)
114 (113 8) (115 19) (125 23)
115 (104 3) (114 19) (116 24) (126 21)
116 (105 2) (115 24) (117 3) (127 21)
117 (150 5) (195 5)
118 (153 4) (195 16) (221 9)
119 (153 8) (155 11) (179 13)
120 (179 9)
121 (132 20) (154 12)
122 (123 15) (133 21) (154 1)
123 (112 19) (122 15) (124 18) (151 4)
124 (123 18) (135 24) (144 6)
125 (144 10) (167 1) (222 9)
126 (167 1) (213 12) (229 1)
127 (116 14) (128 20) (213 12) (228 2)
128 (127 20) (129 6) (150 19) (223 1)
129 (128 6) (130 24) (207 11) (221 8)
130 (129 24) (131 5) (155 9) (157 10)
131 (130 5)
132 (121 20)
133 (122 21)
134 (151 1)
135 (124 24)
136 (222 11)
137 (229 16)
138 (228 1)
139 (223 4)
140 (207 12)
141 (157 3)
143 (3 14) (14 6)
144 (124 6) (125 10)
145 (0 12) (1 5)
146 (11 6) (12 6)
147 (4 12) (5 7)
148 (59 8) (70 2)
149 (108 3) (109 4)
150 (117 5) (128 19)
151 (123 4) (134 1)
152 (96 7) (107 13)
153 (118 4) (119 8)
154 (121 12) (122 1)
155 (119 11) (130 9)
156 (105 9) (106 10)
157 (130 10) (141 3)
158 (90 1) (91 2)
159 (82 13) (93 1)
160 (38 21) (49 4)
161 (82 13) (83 1)
162 (3 11) (4 9)
163 (85 1) (86 5)
164 (13 3) (24 10)
165 (24 4) (35 17)
166 (72 2) (83 17)
167 (125 1) (126 1)
168 (102 4) (113 20)
169 (31 6) (32 15)
170 (60 15) (71 4)
171 (74 6) (85 5)
172 (74 2) (75 7)
173 (88 3) (99 8)
174 (1 7) (2 13)
175 (75 22) (76 1)
176 (41 12) (42 4)
177 (99 15) (100 3)
178 (42 3) (43 7)
179 (119 13) (120 9)
180 (92 8) (103 10)
181 (59 1) (60 2)
182 (22 1) (33 5)
183 (9 2) (10 16)
184 (25 2) (36 1)
185 (15 4) (16 13)
186 (62 6) (63 12)
187 (106 3) (107 9)
188 (86 7)
189 (19 6) (30 19)
190 (7 2) (18 2)
191 (83 10) (84 8)
192 (22 6)
193 (15 1)
194 (69 2) (70 11)
195 (117 5) (118 16)
196 (64 4) (65 15)
197 (26 11) (37 6)
198 (34 2) (35 1)
199 (102 11) (103 11)
200 (92 2) (93 2)
201 (61 4) (72 13)
202 (47 1)
203 (70 2) (71 11)
204 (62 15) (73 3)
205 (42 6) (53 16)
206 (55 11) (66 7)
207 (129 11) (140 12)
208 (40 9) (51 4)
209 (66 3) (67 22)
210 (55 11) (56 4)
211 (94 7)
212 (84 3) (85 7)
213 (126 12) (127 12)
214 (94 5) (95 2)
215 (8 4) (9 5)
216 (68 9) (79 4)
217 (8 6) (19 16)
218 (9 2) (20 20)
219 (35 10) (36 9)
220 (93 1) (104 1)
221 (118 9) (129 8)
222 (125 9) (136 11)
223 (128 1) (139 4)
224 (11 10)
225 (38 8) (39 3)
226 (94 1) (105 3)
227 (35 7) (46 3)
228 (127 2) (138 1)
229 (126 1) (137 16)
230 (96 2)
231 (94 4)
232 (96 11)
233 (45 12) (46 3)